119.320142,26.031769 1470012079
119.319126,26.03866 1470013996
119.320721,26.040391 1470029394
119.320368,26.038266 1470047737
119.320142,26.031769 1470047793
119.270854,26.032962 1470048801
119.327801,26.048827 1470056265
119.318679,26.038717 1470056272
119.319628,26.041651 1470145501
119.319589,26.042604 1470145781
@
119.327801,26.048827 1470896367
119.321254,26.040491 1470896577
119.318679,26.038717 1470897020
119.327801,26.048827 1470897237
119.327801,26.048827 1470897676
119.320722,26.041281 1470897811
119.321254,26.040491 1470897976
119.318679,26.038717 1470898167
119.321254,26.040491 1470898377
119.318679,26.038717 1470898377
@
